time     mean     centroid1  slope     centroid2   spread        skewness kurtosis   decrease rolloff    
0.000000 0.004976  70.926270 -0.000040  70.926270   3074.090576  1.259207  4.815519  0.018461 113.000000
0.016000 0.005686  71.656433 -0.000040  71.656433   3038.573975  1.233672  4.757937  0.023983 111.000000
0.032000 0.005755  66.292984 -0.000044  66.292984   3250.368408  1.376889  4.899137  0.023246 110.000000
0.048000 0.005730  70.679588 -0.000041  70.679588   2952.609131  1.298643  5.002332  0.020167 107.000000
0.064000 0.005895  78.977776 -0.000035  78.977776   2946.668213  1.204289  4.817098  0.005538 119.000000
0.080000 0.005215  75.426857 -0.000037  75.426857   3221.598633  1.359693  4.782058  0.013415 115.000000
0.096000 0.005741  65.565628 -0.000044  65.565628   3202.795166  1.327441  4.771205  0.038553 113.000000
0.112000 0.007709  64.726913 -0.000045  64.726913   2792.557129  1.488162  5.630548  0.025430 111.000000
0.128000 0.006426  68.867706 -0.000042  68.867706   2964.774414  1.404869  5.196393  0.022618 113.000000
0.144000 0.005830  67.940407 -0.000042  67.940407   3319.211914  1.506044  5.071793  0.023590 103.000000
0.160000 0.004354  79.913712 -0.000034  79.913712   3278.072021  1.041277  4.055923  0.013869 117.000000
0.176000 0.004910  74.755829 -0.000038  74.755829   3365.261719  1.187613  4.310273  0.015569 113.000000
0.192000 0.005707  72.191971 -0.000039  72.191971   3009.816895  1.384508  5.178982  0.013986 112.000000
0.208000 0.005647  65.718231 -0.000044  65.718231   3178.368896  1.422310  5.016728  0.020919 104.000000
0.224000 0.005998  61.048916 -0.000047  61.048916   2999.317627  1.705986  5.959062  0.026422 101.000000
0.240000 0.007097  61.419151 -0.000047  61.419151   2814.015137  1.926566  6.647511  0.019559  79.000000
0.256000 0.011066  54.336227 -0.000052  54.336227   1780.139282  2.394477 10.081653  0.020477  66.000000
0.272000 0.018063  48.845192 -0.000056  48.845192   1263.753906  2.828923 14.155469  0.025155  62.000000
0.288000 0.044165  52.189087 -0.000054  52.189087    597.989441  3.654174 26.209053  0.020316  64.000000
0.304000 0.076280  49.550354 -0.000055  49.550354    559.065063  2.914204 20.450583  0.024711  61.000000
0.320000 0.107069  51.636421 -0.000054  51.636421    638.154602  1.779009 10.426686  0.022681  68.000000
0.336000 0.099694  53.505108 -0.000053  53.505108    689.300415  1.558009  8.464525  0.024301  81.000000
0.352000 0.099533  50.926243 -0.000054  50.926243    605.505310  1.942014 12.993574  0.024055  67.000000
0.368000 0.372010  26.850697 -0.000072  26.850697    473.588867  2.557310 14.166370  0.062424  34.000000
0.384000 0.734400  22.897385 -0.000074  22.897385    445.966248  2.663431 13.350880  0.079378  30.000000
0.400000 1.221628  22.453077 -0.000075  22.453077    292.869720  3.055369 18.886448  0.066316  30.000000
0.416000 1.250999  21.168623 -0.000076  21.168623    244.340179  3.060452 21.467852  0.070258  29.000000
0.432000 1.257160  19.401051 -0.000077  19.401051    222.154099  3.262827 24.229567  0.075432  22.000000
0.448000 0.815970  18.388962 -0.000077  18.388962    231.156128  3.500864 27.692896  0.082920  18.000000
0.464000 0.952663  18.723690 -0.000077  18.723690    261.868744  3.318033 23.328440  0.081872  20.000000
0.480000 0.936534  18.741135 -0.000077  18.741135    278.068817  3.454890 23.026812  0.077928  18.000000
0.496000 0.943543  20.487562 -0.000076  20.487562    299.668304  3.001883 18.522938  0.080312  24.000000
0.512000 1.016705  23.064665 -0.000074  23.064665    352.665161  2.085842 11.413251  0.078587  34.000000
0.528000 1.058502  23.220348 -0.000074  23.220348    321.998566  1.920899 11.218218  0.077425  34.000000
0.544000 1.038956  24.591885 -0.000073  24.591885    379.711761  1.692833  9.551143  0.076016  55.000000
0.560000 1.072648  24.439180 -0.000073  24.439180    355.416534  1.726587  9.460030  0.071030  50.000000
0.576000 0.970497  23.371727 -0.000074  23.371727    366.461182  1.950357 10.403947  0.079350  37.000000
0.592000 0.904636  20.737408 -0.000076  20.737408    319.323303  2.677300 16.973473  0.083140  32.000000
0.608000 0.740173  17.547010 -0.000078  17.547010    230.661880  3.423225 28.292730  0.091608  28.000000
0.624000 0.707246  18.494125 -0.000077  18.494125    249.457397  3.042041 24.050163  0.092973  32.000000
0.640000 0.707200  19.070644 -0.000077  19.070644    313.948517  2.979992 20.077663  0.092629  28.000000
0.656000 0.673168  19.627171 -0.000077  19.627171    303.715088  2.817931 20.064369  0.091501  33.000000
0.672000 0.709604  20.248009 -0.000076  20.248009    296.059631  2.556073 18.078499  0.089145  38.000000
0.688000 0.798216  20.658741 -0.000076  20.658741    263.416992  2.509345 19.574320  0.081221  37.000000
0.704000 0.817300  20.573372 -0.000076  20.573372    259.735870  2.686009 21.412333  0.082497  35.000000
0.720000 0.806253  21.876255 -0.000075  21.876255    271.001587  2.794929 21.496296  0.076287  36.000000
0.736000 0.702760  20.898279 -0.000076  20.898279    253.679733  2.945895 24.057037  0.077087  37.000000
0.752000 0.553890  19.603710 -0.000077  19.603710    262.484283  3.173837 26.173386  0.083734  37.000000
0.768000 0.420083  17.328022 -0.000078  17.328022    313.284149  3.860131 30.787533  0.099852  33.000000
0.784000 0.312522  15.485883 -0.000080  15.485883    301.888550  4.475326 37.902924  0.112096  27.000000
0.800000 0.215786  13.385559 -0.000081  13.385559    290.851532  5.832128 55.405529  0.121090   9.000000
0.816000 0.151403  11.733869 -0.000082  11.733869    339.627533  6.544018 60.518696  0.136652   9.000000
0.832000 0.089200  11.250525 -0.000083  11.250525    447.203186  7.035884 62.272068  0.141541   8.000000
0.848000 0.050708  11.688785 -0.000082  11.688785    614.658447  6.591738 52.236000  0.139897   8.000000
0.864000 0.021479  15.568653 -0.000079  15.568653   1217.022217  4.928652 28.622505  0.129603   8.000000
0.880000 0.011844  20.867619 -0.000076  20.867619   1952.833984  3.765008 17.034744  0.135829   8.000000
0.896000 0.005665  38.518150 -0.000063  38.518150   3390.156250  2.308935  7.609629  0.071466  15.000000
0.912000 0.004383  52.566216 -0.000053  52.566216   4091.433594  1.692409  5.062795  0.047364  54.000000
0.928000 0.004123  57.508240 -0.000050  57.508240   4441.479492  1.470806  4.278699  0.043517  83.000000
0.944000 0.003211  61.448570 -0.000047  61.448570   4546.406738  1.428863  4.116682  0.046081  88.000000
0.960000 0.003252  65.936516 -0.000044  65.936516   4678.387207  1.376503  3.942627  0.043885  96.000000
0.976000 0.003324  62.789986 -0.000046  62.789986   5137.879395  1.407516  3.867759  0.019669  66.000000
0.992000 0.002391  74.621239 -0.000038  74.621239   6113.769531  1.078384  2.855014  0.011880 117.000000
1.008000 0.002495  81.571243 -0.000033  81.571243   5513.407227  1.077575  2.998456  0.008784 188.000000
1.024000 0.002554  86.446594 -0.000029  86.446594   5111.771484  0.983422  2.950214 -0.009373 212.000000
1.040000 0.003284  73.159142 -0.000039  73.159142   4086.869141  1.315698  4.095468  0.012702 106.000000
1.056000 0.002535  82.514626 -0.000032  82.514626   5187.220703  1.010132  2.944249  0.003388 185.000000
1.072000 0.002472  83.521988 -0.000031  83.521988   4767.432129  0.970549  3.064742  0.000278 116.000000
1.088000 0.002791  77.070976 -0.000036  77.070976   5385.097656  1.019165  2.965939  0.011670 111.000000
1.104000 0.002430  77.433846 -0.000036  77.433846   5608.510742  1.013249  2.821088  0.009095 115.000000
1.120000 0.002605  77.447197 -0.000036  77.447197   4891.272461  1.120324  3.392189  0.004696 117.000000
1.136000 0.002366  90.522034 -0.000026  90.522034   4759.429688  0.945926  3.011419 -0.010488 194.000000
1.152000 0.002633  87.452339 -0.000029  87.452339   4429.365234  0.968007  3.252696  0.000499 121.000000
1.168000 0.002299  92.252235 -0.000025  92.252235   5066.798340  0.924988  2.850155 -0.022823 233.000000
1.184000 0.003276  78.789154 -0.000035  78.789154   4411.496094  1.192237  3.645168  0.011124 111.000000
1.200000 0.003006  85.642807 -0.000030  85.642807   4324.583496  1.091841  3.404564 -0.009585 120.000000
1.216000 0.002405  92.301880 -0.000025  92.301880   4343.571289  0.942473  3.198536 -0.012354 127.000000
1.232000 0.002521  86.150337 -0.000030  86.150337   5192.068848  0.981140  2.908295 -0.006669 215.000000
1.248000 0.002944  75.821129 -0.000037  75.821129   5271.682617  1.084672  3.053271  0.013049 123.000000
1.264000 0.002854  76.727783 -0.000036  76.727783   5301.238281  1.195543  3.213061  0.001234 126.000000
1.280000 0.002819  69.051956 -0.000042  69.051956   5209.770996  1.291373  3.471012  0.009170 102.000000
1.296000 0.002391  81.663010 -0.000033  81.663010   5736.620605  1.009095  2.784725  0.006101 216.000000
1.312000 0.002380  77.735222 -0.000036  77.735222   5891.919434  1.020664  2.778661  0.016506 112.000000
1.328000 0.002200  77.528091 -0.000036  77.528091   5074.008301  1.112239  3.125179  0.003832 117.000000
1.344000 0.002292  79.905174 -0.000034  79.905174   5654.277832  1.062924  2.872536  0.007435 207.000000
1.360000 0.001916  89.092720 -0.000028  89.092720   6612.482422  0.835586  2.282932  0.004665 239.000000
1.376000 0.002459  80.929825 -0.000033  80.929825   5861.080078  1.013353  2.769140  0.003627 208.000000
1.392000 0.002371  73.882263 -0.000038  73.882263   4700.035645  1.153367  3.414472  0.013542 118.000000
1.408000 0.002196  82.647263 -0.000032  82.647263   5743.116211  0.984113  2.734190 -0.006883 208.000000
1.424000 0.002245  85.419991 -0.000030  85.419991   5547.505859  0.980889  2.692012 -0.006158 218.000000
1.440000 0.002206  81.884361 -0.000033  81.884361   5488.605957  1.054987  2.845430 -0.008381 210.000000
1.456000 0.002121  79.750687 -0.000034  79.750687   5391.406250  1.110365  2.941879 -0.007247 201.000000
1.472000 0.002086  90.281326 -0.000027  90.281326   6258.160156  0.789851  2.319693 -0.016763 231.000000
1.488000 0.002145  87.784714 -0.000028  87.784714   5774.003418  0.885803  2.544275 -0.002670 225.000000
1.504000 0.001996  91.102463 -0.000026  91.102463   6091.382813  0.709040  2.265727 -0.018183 219.000000
1.520000 0.002287  95.382256 -0.000023  95.382256   5098.249512  0.723722  2.583607 -0.009960 215.000000
1.536000 0.002568  90.527657 -0.000026  90.527657   4514.046875  0.864813  3.031749  0.008046 119.000000
1.552000 0.002472  92.520645 -0.000025  92.520645   5270.805664  0.802761  2.649452 -0.005745 215.000000
1.568000 0.002703  90.266853 -0.000027  90.266853   4544.912109  0.962911  3.061499 -0.008961 202.000000
1.584000 0.002518  91.829628 -0.000026  91.829628   4845.334961  0.808951  2.830356  0.000701 201.000000
1.600000 0.001943 100.757690 -0.000019 100.757690   5200.111328  0.687220  2.474553 -0.024026 230.000000
1.616000 0.002435  88.811234 -0.000028  88.811234   4480.549805  1.000712  3.149359 -0.001272 189.000000
1.632000 0.002208  93.572815 -0.000024  93.572815   4884.721680  0.820446  2.778394 -0.015478 207.000000
1.648000 0.002096  92.514427 -0.000025  92.514427   4845.404297  0.812601  2.790048 -0.008511 206.000000
1.664000 0.002551  79.123520 -0.000035  79.123520   4709.431152  1.053373  3.343540  0.003569 114.000000
